total data:2044

Correct Stats:
Price:0.6576217079010375
FullAddr:0.15846994535519127
City:0.6596664607782582
Zipcode:0.8241525423728814
Phone:0.7164179104477612
Wechat:0.8015075376884422
Email:0.6774193548387096

Precision Stats:
Price:0.662379421221865
FullAddr:0.5370370370370371
City:0.717741935483871
Zipcode:0.9088785046728972
Phone:0.7894736842105263
Wechat:0.8506666666666667
Email:0.75

Recall Stats:
Price:0.8538860103626943
FullAddr:0.16477272727272727
City:0.7411519777931992
Zipcode:0.8881278538812786
Phone:0.8480565371024735
Wechat:0.873972602739726
Email:0.8076923076923077
